0.55
1.5899999999999999
2.21
3.63
4.82
5.92
6.04
7.03
8.8
9.99
10.17
11.59
12.77
13.87
14.18
15.07
16.26
17.01
18.56
19.68
20.55
21.92
22.46
23.57
24.09
25.32
26.56
27.07
28.23
29.37
30.43
31.58
32.85
33.91
34.26
35.69
36.09
37.89
39.0
39.06
40.38
41.92
42.07
43.97
44.14
45.45
46.38
47.63
48.74
49.86
50.86
51.56
52.83
53.99
54.91
55.93
56.97
57.52
58.41
59.32
60.9
61.82
62.13
63.84
64.09
65.4
66.88
67.42
68.68
69.53
70.2
71.04
72.98
73.67
74.06
75.98
76.42
77.98
78.42
79.61
80.81
81.15
82.54
83.51
84.63
85.12
86.53
87.85
88.72
90.0
90.12
91.84
92.71
93.91
94.07
95.76
96.83
97.4
98.66
99.27
